trait,h2,h2_se,coronary_heart_disease,type2_diabetes,hypertension,stroke,obesity,depression,alzheimer,copd
coronary_heart_disease,0.28,0.04,1.0,0.45,0.52,0.38,0.31,0.12,0.08,0.15
type2_diabetes,0.35,0.05,0.45,1.0,0.48,0.22,0.62,0.18,0.14,0.09
hypertension,0.32,0.04,0.52,0.48,1.0,0.55,0.42,0.15,0.10,0.12
stroke,0.25,0.06,0.38,0.22,0.55,1.0,0.28,0.20,0.18,0.11
obesity,0.42,0.05,0.31,0.62,0.42,0.28,1.0,0.22,0.08,0.14
depression,0.18,0.05,0.12,0.18,0.15,0.20,0.22,1.0,0.25,0.16
alzheimer,0.22,0.07,0.08,0.14,0.10,0.18,0.08,0.25,1.0,0.06
copd,0.15,0.05,0.15,0.09,0.12,0.11,0.14,0.16,0.06,1.0
